[182,181]
[180,179]
[186,185]
[27,26]
[66]
[119,116,115,112]
[114]
[113]
[99,94]
[95]
[111,106]
[107]
[105,104,103,100]
[102]
[101]
[76]
[75,73]
[74]
[80,79,77]
[78]
[93,92,91,88]
[90]
[89]
[89,87,82]
[83]
[119,116,115,112,105,104,103,100]
[114,102]
[113,101]
[101,99,94]
[119,116,115,112,81,80,79,76]
[113,77]
[114,78]
[126]
[127]
[13,12,8,89]
[81,80,79,76,7]
[11]
[9]
[10]
[77]
[16]
[15,14]
[87,82]
[136]
[137]
[119,116,115,112,13,12,8,89]
[7]
[119,116,115,112,13,12,8]
[13,12,8]
[122]
[123]
[6,5,4]
[3]
[13,12,8,137]
[119,116,115,112,6,5,4]
[124]
[125]
[81,80,79,76]
[119,116,115,112,93,92,91,88,13,12,8]
[113,89]
[114,90]
[111,106,87,82]
[107,83]
[266,266,266,266]
[6,4]
[119,116,115,112,93,92,91,88]
[113,111,106,89,87,82]
[134]
[135]
[113,111,106]
[93,88]
[87,86,85,82]
[84]
[128]
[129]
[93,92,91,88,7]
[77,75,73]
[6,4,89]
[119,116,115,112,89]
[93,92,91,88,11]
[89,87,82,10]
[5]
[87,82,75,73]
[83,74]
[119,116,115,112,137]
[132]
[133]
[119,116,115,112,13,12,8,137]
[119,116,115,112,6,4]
[136,13,12,8]
[93,92,91,88,6,5,4]
[141]
[119,116,115,112,13,12,8,113]
[119,116,115,112,93,92,91,88,81,80,79,76]
[113,89,77]
[114,90,78]
[81,80,79,76,3]
[13,12,8,113]
[136,119,116,115,112,13,12,8,137]
[137,113]
[82]
[93,92,91,88,81,80,79,76,13,12,8]
[89,77]
[90,78]
[6,5,4,89]
[71,69]
[72,70]
[13,8]
[12]
[119,116,115,112,13,8]
[136,119,116,115,112]
[88]
[130]
[131]
[87,82,136]
[83,137]
[13,12,8,89,87,82]
[235]
[138]
[139]
[68]
[234]
[22]
[112]
[268,259,93,92,91,88]
[264,263,262]
[265]
[274,273,272]
[275,271,260,257,87,82]
[267]
[270,269,258]
[93,92,91,88,81,80,79,76]
[142,17]
[17]
[293]
[299,298,297]
[304,301,300,296]
[306]
[295,294]
[291,290,289]
[292]
[266]
[305,293]
[305]
[268,259]
[275,271,260,257]
[111,106,75,73]
[107,74]
[299,298,297,293]
[6,4,3]
[305,13,8]
[13,8,7]
[11,9]
[304,301,300,296,119,116,115,112]
[293,93,92,91,88]
[304,301,300,296,87,82]
[292,99,94]
[295,294,293]
[17,13,8]
[6,4,306]
[268,266,259]
[291,290,289,274,273,272]
[292,275,271,260,257]
[13,8,306]
[299,298,297,291,290,289]
[304,301,300,296,292]
[142,17,306]
[93,92,91,88,3]
[293,119,116,115,112]
[304,301,300,296,111,106]
[274,273,272,105,104,103,100]
[275,271,260,257,6,4,3]
[113,5]
[89,93,92,91,88]
[13,8,267]
[268,259,119,116,115,112]
[93,92,91,88,6,4]
[270,269,268,259,258,141]
[51,50,49]
[266,13,8]
[264,263,262,7]
[17,6,5,4]
[303,281]
[278,277,276]
[279]
[287,286,285]
[288,284]
[302,283,282]
[113,111,106,89,87,82,77,75,73]
[107,83,74]
[305,6,4]
[305,6,4,3]
[17,13,8,306]
[292,304,301,300,296]
[295,294,293,93,92,91,88]
[17,6,4]
[113,12]
[28]
[93,92,91,88,17]
[224,17]
[119,116,115,112,17,13,8]
[223,45]
[225]
[226]
[93,92,91,88,13,8]
[89,12]
[113,111,106,77,75,73]
[142,31]
[142]
[30]
[268,259,111,106]
[224,93,92,91,88,46,45,44,6,4]
[17,89,5]
[89,87,82,77,75,73]
[93,92,91,88,76]
[89,80,79,77]
[111,106,87,82,75,73]
[275,271,260,257,111,106]
[75,73,87,82]
[74,83]
[264,263,262,270,269,268,259,258,119,116,115,112]
[274,273,272,264,263,262]
[275,271,265,260,257]
[268,259,105,104,103,100]
[268,259,105,104,103,100,6,4]
[265,87,82]
[93,92,91,88,101,5]
[270,269,268,259,258,81,80,79,76]
[303,302,283,282,281]
[264,263,262,119,116,115,112]
[265,275,271,260,257,111,106]
[99,94,111,106,87,82,75,73]
[95,107,83,74]
[268,259,105,104,103,100,13,8]
[274,273,272,7]
[101,12]
[119,116,115,112,99,94]
[113,111,106,95]
[268,259,93,92,91,88,81,80,79,76]
[6,4,3,87,82]
[275,271,260,257,99,94]
[268,259,119,116,115,112,105,104,103,100]
[275,271,260,257,111,106,99,94]
[107,95]
[93,92,91,88,17,13,8]
[268,259,274,273,272,268,259]
[264,263,262,264,263,262]
[265,265]
[270,269,258,270,269,258]
[274,273,272,3]
[13,12,8,89,87,82,12]
[270,269,268,259,258,16,16]
[274,273,272,15,14,15,14]
[93,92,91,88,270,269,258]
[87,82,265]
[275,271,260,257,75,73]
[268,259,275,271,260,257]
[266,267]
[275,271,260,257,119,116,115,112]
[270,269,268,266,259,258]
[270,269,266,258]
[266,17]
[266,264,263,262]
[13,8,270,269,266,258]
[7,264,263,262]
[264,263,262,93,92,91,88]
[266,265]
[275,271,266,260,257,111,106]
[266,265,13,8,7]
[264,263,262,93,92,91,88,81,80,79,76,17]
[274,273,272,268,259]
[275,271,266,260,257]
[268,259,119,116,115,112,17]
[268,259,113]
[222,45]
[268,259,99,94]
[264,263,262,93,92,91,88,7]
[275,271,260,257,119,116,115,112,87,82]
[113,111,106,83]
[264,263,262,105,104,103,100]
[265,99,94]
[268,259,13,8]
[275,271,260,257,265]
[268,259,81,80,79,76]
[266,17,13,8]
[275,271,266,260,257,13,8,7]
[329]
[265,142,17]
[275,271,260,257,6,4,3,111,106]
[330]
[13,8,111,106]
[12,107]
[268,266,259,17,6,4]
[270,269,268,266,259,258,119,116,115,112]
[270,269,268,259,258]
[266,6,4]
[264,263,262,3]
[111,106,266]
[17,270,269,266,258]
[266,265,6,4,3]
[270,269,268,259,258,119,116,115,112]
[16,17]
[275,271,266,260,257,119,116,115,112]
[6,4,267]
[111,106,275,271,260,257]
[119,116,115,112,268,259]
[265,87,82,75,73]
[11,268,259]
[9,274,273,272]
[13,8,7,266,265]
[270,269,268,266,259,258,6,4]
[105,104,103,100,13,12,8]
[264,263,262,268,259]
[268,266,259,13,8]
[17,266,265]
[266,13,8,7]
[274,273,272,268,259,105,104,103,100]
[270,269,268,259,258,105,104,103,100]
[142,105,104,103,100,17]
[28,17]
[6,5,4,113]
[119,116,115,112,3]
[25,24]
[23]
[275,271,260,257,111,106,75,73]
[264,263,262,13,8]
[17,107]
[119,116,115,112,17,13,8,7]
[119,116,115,112,93,92,91,88,76]
[113,89,80,79,77]
[265,87,82,275,271,260,257]
[260,257]
[275,271]
[264,263,262,93,92,91,88,268,259]
[268,259,93,92,91,88,264,263,262]
[275,271,260,257,87,82,265]
[268,259,89,12]
[270,269,258,16]
[264,263,262,15,14]
[288,284,261]
[270,269,268,259,258,93,92,91,88]
[268,259,105,104,103,100,17]
[264,263,262,93,92,91,88,13,8]
[265,275,271,260,257]
[279,288,284]
[105,104,103,100,93,92,91,88,81,80,79,76]
[102,90,78]
[101,99,94,89,87,82,77,75,73]
[95,83,74]
[119,116,115,112,76]
[113,80,79,77]
[81,80,79,76,75,73]
[77,75,74,73]
[93,92,91,88,6,5,4,3]
[93,92,91,88,87,82]
[89,83]
[101,89,77]
[77,74]
[180,179,17]
[31,17]
[275,271,260,257,111,106,87,82]
[147,29,18,146,28,17]
[233,153,41,31]
[35,33,34,32]
[17,113]
[119,116,115,112,51,50,49]
[105,104,103,100,7]
[17,13,8,7]
[152,150,40,38,151,149,39,37]
[224]
[111,106,99,94]
[270,269,268,259,258,17,13,8]
[231,230,151,149,39,37]
[89,87,82,87,82]
[83,83]
[153,41]
[119,116,115,112,17]
[7,274,273,272,105,104,103,100]
[303,287,286,285,281]
[105,104,103,100,17,13,8,268,259]
[291,290,289,13,8]
[292,99,94,99,94]
[95,95]
[268,259,119,116,115,112,93,92,91,88]
[268,259,12]
[270,269,268,259,258,93,92,91,88,270,269,258,16]
[274,273,272,264,263,262,15,14]
[105,104,103,100,13,8]
[17,13,12,8]
[7,274,273,272]
[11,93,92,91,88]
[10,89,87,82]
[87,82,275,271,260,257]
[13,8,7,265]
[13,8,268,259]
[93,92,91,88,268,259]
[268,259,93,92,91,88,13,8]
[81,80,79,76,264,263,262]
[17,89,87,82]
[93,92,91,88,13,8,268,259]
[93,92,91,88,13,12,8]
[30,17,11]
[43,42]
[17,11]
[111,106,111,106]
[107,107]
[268,259,93,92,91,88,113]
[43]
[222]
[42]
[223]
[93,92,91,88,76,101]
[119,116,115,112,93,92,91,88,17,6,4]
[113,111,106,89,87,82,5]
[143,19,142,17]
[268,259,11]
[274,273,272,9]
[119,116,115,112,93,92,91,88,17]
[17,6,4,3]
[105,104,103,100,3]
[6,5,4,3]
[76,17,13,8]
[80,79,77,12]
[75,73,275,271,260,257]
[81,80,79,76,268,259]
[87,82,75,73,87,82,75,73]
[83,74,83,74]
[93,92,91,88,81,80,79,76,17]
[274,273,272,268,259,93,92,91,88]
[93,92,91,88,17,6,4]
[6,4,266]
[13,8,266]
[266,266]
[119,116,115,112,266]
[111,106,266,265,266]
[270,269,266,258,266]
[266,264,263,262,266]
[265,75,73]
[13,8,7,266]
[43,42,17]
[266,119,116,115,112]
[251]
[119,116,115,112,17,6,4]
[266,268,266,259]
[266,266,265]
[268,259,119,116,115,112,17,13,8]
[266,6,4,111,106]
[5,107]
[119,116,115,112,7]
[266,270,269,268,259,258]
[65,64,63,17]
[266,111,106]
[266,270,269,266,258]
[266,6,4,3]
[274,273,272,93,92,91,88]
[266,17,6,4,3]
[327]
[266,266,119,116,115,112]
[105,104,103,100,16]
[265,111,106]
[270,269,268,259,258,93,92,91,88,270,269,258]
[268,259,268,259,105,104,103,100]
[105,104,103,100,264,263,262]
[99,94,265]
[268,259,105,104,103,100,264,263,262]
[87,82,111,106]
[83,107]
[275,271,260,257,99,94,265]
[13,12,8,12]
[16,16]
[15,14,15,14]
[93,92,91,88,6,4,3]
[167,168,166,120,117,118,121,60,57,54,165,119,116,115,112,59,56,53]
[196,195]
[270,269,268,259,258,105,104,103,100,17]
[249,248,247]
[250]
[67]
[268,259,17,13,8]
[304,301,300,119,116,115,112]
[296]
[119,116,115,112,93,92,91,88,101]
[105,104,103,100,111,106]
[101,99,94,107]
[81,80,79,76,99,94]
[77,75,73,95]
[254,253]
[256,246]
[252]
[254]
[270,269,268,259,258,13,8]
[255]
[268,259,89]
[264,263,262,13,12,8]
[119,116,115,112,270,269,258]
[76,113]
[105,104,103,100,11]
[101,99,94,10]
[13,12,8,101,12]
[170,169]
[6,4,89,87,82]
[198,197]
[172,171,81,80,79,76]
[200,199]
[13,8,266,265]
[275,271,266,260,257,6,4]
[221,174,220,173,36]
[203,202]
[227]
[217,216]
[20]
[47]
[31,28,17]
[268,259,17]
[270,269,268,259,258,119,116,115,112,93,92,91,88]
[264,263,262,81,80,79,76]
[59,56,53]
[207,206]
[268,259,142,17]
[142,13,8]
[293,28]
[119,116,115,112,6,4,3]
[305,305]
[295,294,293,105,104,103,100]
[304,301,300,296,99,94]
[81,80,79,76,17]
[331]
[268,259,93,92,91,88,17]
[211,178,210,177]
[211,210,268,259]
[268,259,119,116,115,112,13,8]
[275,271,260,257,93,92,91,88,111,106]
[89,87,82,107]
[93,92,91,88,9]
[162,161,268,259]
[194,193]
[209,160,208,159,59,56,53]
[192,191]
[105,104,103,100,113,89,77]
[315,314,313]
[275,271,260,257,6,4,3,87,82]
[99,94,99,94]
[275,271,265,260,257,99,94]
[268,259,13,12,8]
[75,73,75,73]
[74,74]
[268,259,76]
[268,259,93,92,91,88,76]
[275,271,260,257,87,82,75,73]
[264,263,262,268,259,105,104,103,100,264,263,262]
[265,275,271,260,257,99,94,265]
[81,80,79,76,13,8]
[77,12]
[310,309,308]
[311]
[6,4,3,111,106]
[119,116,115,112,111,106]
[113,107]
[268,259,113,89]
[268,259,105,104,103,100,13,12,8]
[81,80,79,76,17,13,8]
[268,259,119,116,115,112,101]
[316,307]
[312]
[314]
[6,4,3,99,94]
[105,104,103,100,270,269,258]
[275,271,265,260,257,111,106]
[87,82,89]
[105,104,103,100,17,13,8]
[268,259,105,104,103,100,113]
[303,302,283,282,281,303,302,283,282,281]
[51,50,49,17,16]
[119,116,115,112,93,92,91,88,11]
[113,111,106,89,87,82,10]
[142,17,12]
[264,263,262,268,259,105,104,103,100]
[287,286,285,287,286,285]
[288,284,288,284]
[17,6,4,11]
[3,9]
[5,10]
[89,10]
[264,263,262,119,116,115,112,13,8]
[270,269,258,105,104,103,100]
[119,116,115,112,11]
[113,111,106,10]
[13,8,11]
[7,9]
[12,10]
[105,104,103,100,17]
[287,286,285,278,277,276]
[288,284,279]
[270,269,268,259,258,119,116,115,112,17,13,8]
[17,16]
[278,277,276,278,277,276]
[279,279]
[17,13,12,8,89,87,82,12]
[111,106,265]
[119,116,115,112,264,263,262]
[264,263,262,119,116,115,112,93,92,91,88]
[268,259,93,92,91,88,17,13,12,8]
[268,259,105,104,103,100,11]
[268,259,105,104,103,100,12]
[93,92,91,88,13,8,7]
[30,17]
[17,13,12,8,12]
[268,259,119,116,115,112,93,92,91,88,81,80,79,76]
[264,263,262,270,269,268,259,258,105,104,103,100,13,8]
[274,273,272,264,263,262,7]
[275,271,265,260,257,6,4,3,99,94]
[176,175]
[11,9,146,119,116,115,112]
[105,104,103,100,65,64,63]
[10,113]
[16,146]
[268,259,222]
[223,119,116,115,112,93,92,91,88]
[158,157]
[105,104,103,100,59,56,53]
[190,189]
[89,5]
[141,119,116,115,112]
[319,318,317]
[320,316,307]
[111,106,87,82,75,73,75,73]
[107,83,74,74]
[105,104,103,100,99,98,97,94]
[101,95]
[102,96]
[142,28,17,13,8]
[270,269,258,13,8]
[142,17,13,8]
[142,17,6,4,16]
[3,15,14]
[142,28]
[268,259,17,6,4,11]
[274,273,272,3,9]
[142,83]
[265,141]
[268,259,268,259]
[270,269,268,259,258,17]
[119,116,115,112,12]
[17,6,4,270,269,258]
[3,264,263,262]
[13,12,8,101]
[31]
[144,21,142,17]
[31,28]
[305,17]
[293,105,104,103,100]
[105,104,103,100,93,92,91,88]
[101,89]
[102,90]
[6,4,270,269,266,258]
[268,266,259,81,80,79,76]
[156,155,62]
[188,187]
[53,52]
[142,119,116,115,112]
[268,259,13,8,7]
[304,301,300,296,292,99,94]
[275,271,266,260,257,87,82]
[268,259,105,104,103,100,17,89]
[270,269,268,259,258,105,104,103,100,270,269,258]
[81,80,79,76,17,6,4]
[77,5]
[119,116,115,112,93,92,91,88,270,269,258]
[105,104,103,100,89]
[275,271,265,260,257,87,82]
[268,259,142,13,8]
[111,110,109,106]
[108]
[105,104,103,100,101]
[270,269,268,259,258,119,116,115,112,13,8]
[101,10]
[17,13,12,8,113,12]
[265,275,271,260,257,93,92,91,88]
[264,263,262,89]
[265,268,259,93,92,91,88]
[268,259,101]
[270,269,258,93,92,91,88]
[17,267]
[93,92,91,88,101,99,94]
[89,95]
[265,275,271,260,257,265]
[264,263,262,93,92,91,88,268,259,264,263,262]
[105,104,103,100,113,12]
[119,116,115,112,13,8,7]
[17,13,12,8,101]
[81,80,79,76,15,14]
[274,273,272,81,80,79,76]
[270,269,268,259,258,270,269,258]
[264,263,262,274,273,272]
[265,99,94,275,271,260,257]
[264,263,262,105,104,103,100,17,268,259]
[93,92,91,88,264,263,262]
[268,259,76,77,12]
[111,106,75,73,87,82,265]
[107,74,83]
[17,12]
[99,94,275,271,260,257]
[105,104,103,100,268,259]
[264,263,262,268,259,93,92,91,88]
[264,263,262,270,269,258,105,104,103,100]
[6,5,4,101]
[265,275,271,260,257,87,82]
[275,271,260,257,99,94,111,106,87,82,75,73]
[264,263,262,268,259,119,116,115,112,93,92,91,88,81,80,79,76]
[265,275,271,260,257,111,106,87,82,75,73]
[265,111,106,99,94]
[65,64,63]
[17,101]
[265,6,4,3]
[87,82,99,94]
[83,95]
[303,281,303,281]
[302,283,282,302,283,282]
[6,4,3,111,106,87,82]
[99,94,87,82]
[95,83]
[75,73,265]
[268,259,81,80,79,76,17]
[17,13,8,270,269,258]
[270,269,268,259,258,76]
[146,17,13,8]
[148,145,146,142]
[17,74]
[119,116,115,112,93,92,91,88,6,4]
[142,20]
[17,306]
[292,75,73]
[113,111,106,101,99,94]
[274,273,272,87,82]
[274,273,272,119,116,115,112]
[213,164,212,163]
[270,269,268,259,258,142,17]
[6,4,305]
[17,13,8,305]
[305,295,294,293]
[305,291,290,289]
[304,301,300,296,292,87,82]
[274,273,272,268,259,81,80,79,76]
[111,106,17]
[100]
[65,64,63,7]
[275,271,266,260,257,266]
[6,4,3,111,106,266,265]
[111,106,266,265]
[266,264,263,262,13,8]
[275,271,266,260,257,6,4,3]
[270,269,268,266,259,258,13,8]
[266,264,263,262,6,4]
[93,92,91,88,3,264,263,262]
[81,80,79,76,13,12,8,12]
[44,7]
[266,265,13,8]
[275,271,266,260,257,13,8,7,111,106]
[6,4,3,266,265]
[268,259,141]
[264,263,262,51,50,49]
[268,259,119,116,115,112,264,263,262]
[142,28,17]
[305,292]
[305,266]
[293,268,259]
[299,298,297,274,273,272]
[304,301,300,296,275,271,260,257]
[6,4,306,267]
[295,294,270,269,258]
[291,290,289,264,263,262]
[292,265]
[292,87,82]
[119,116,115,112,93,92,91,88,7]
[268,259,105,104,103,100,99,98,97,94]
[17,13,8,264,263,262]
[268,259,228,20,6,4]
[265,75,73,87,82,75,73]
[74,83,74]
[275,271,260,257,93,92,91,88]
[119,116,115,112,93,92,91,88,76,28]
[326,275,271,260,257]
[325,324,323,268,259]
[232,154,48]
[119,116,115,112,105,104,103,100,13,12,8]
[205,204]
[119,116,115,112,93,92,91,88,81,80,79,76,6,4]
[264,263,262,268,259,105,104,103,100,13,8]
[119,116,112]
[264,263,262,113,89,77,5]
[264,263,262,270,269,268,259,258,105,104,103,100]
[142,93,92,91,88,17]
[305,119,116,115,112]
[17,6,5,4,12]
[265,275,271,260,257,99,94]
[48]
[264,263,262,239,238,237]
[265,240]
[275,271,265,260,257,75,73]
[265,119,116,115,112]
[229]
[268,259,17,13,12,8]
[274,273,272,105,104,103,100,7]
[244,243,242]
[239,238,237,93,92,91,88,7]
[240,87,82]
[245,236]
[241]
[243]
[275,271,260,257,99,94,87,82]
[268,259,6,5,4]
[270,269,258,264,263,262]
[275,271,260,257,99,94,87,82,265]
[99,94,101,99,94]
[268,259,242]
[274,273,272,239,238,237]
[275,271,260,257,245,240,236]
[267,241]
[270,269,258,244,243]
[239,238,237]
[111,106,240]
[17,13,12,8,89]
[17,99,94]
[274,273,272,93,92,91,88,7]
[264,263,262,17,13,8]
[184,183]
[265,268,259,93,92,91,88,81,80,79,76]
[274,273,272,105,104,103,100,17]
[17,113,89]
[201]
[275,271,260,257,141,99,94]
[280]
[219,215,218,214]
[333,322,61,58,55,332,321,59,56,53]
[328]
[146,17]
[265,99,94,265]
[268,259,105,104,103,100,268,259]
[240]
[46,45,44]
[93,92,91,88,243]
[140]
