[13]
[13,13]
[13,20]
[13,488]
[13,488,1250]
[13,488,1257,488]
[13,494,17]
[13,1250]
[13,1257]
[13,1257,488]
[13,1263]
[13,1263,1257,488]
[13,1718,1250]
[14]
[14,14]
[14,21]
[14,489]
[14,489,1251]
[14,495,18]
[14,1251]
[14,1259,996]
[14,1259,996,489]
[14,1265,1261,1106]
[14,1265,1261,1106,1259,996,489]
[14,1719,1251]
[15]
[15,15]
[15,22]
[15,1252]
[15,1720,1252]
[16]
[16,23]
[16,1253]
[16,1255]
[16,1255,1255]
[16,1721,1253]
[17]
[17,1263]
[18]
[18,1265,1261,1106]
[19]
[20]
[21]
[22]
[23]
[24]
[24,15]
[24,16]
[24,18]
[24,18,1265,1261,1106]
[24,19]
[24,491]
[24,883]
[24,1255]
[24,1257]
[24,1265,1261,1106]
[25]
[25,24]
[42]
[42,24]
[43]
[56]
[58]
[63]
[488]
[488,13]
[488,13,488]
[488,13,1257]
[488,13,1257,488]
[488,17]
[488,17,1263]
[488,488]
[488,488,13]
[488,488,1250]
[488,488,1257]
[488,795]
[488,1241]
[488,1247]
[488,1250]
[488,1250,1263]
[488,1257]
[488,1257,488]
[488,1263]
[488,1263,1250]
[489]
[489,14]
[489,14,489]
[489,14,1259,996]
[489,14,1259,996,489]
[489,18]
[489,18,1265,1261,1106]
[489,19]
[489,24]
[489,24,1265,1261,1106]
[489,489]
[489,489,14]
[489,489,1251]
[489,490]
[489,797,793]
[489,1243,1239]
[489,1249,1245]
[489,1251]
[489,1251,1265,1261,1106]
[489,1255]
[489,1259,996]
[489,1265]
[489,1265,1261]
[489,1265,1261,1106]
[489,1265,1261,1106,1251]
[490]
[490,489]
[491]
[491,15]
[491,15,1252]
[491,17]
[491,17,1263]
[491,488]
[491,488,17]
[491,488,1263]
[491,491]
[491,1252]
[491,1257]
[491,1263]
[492]
[492,16]
[492,16,1253]
[492,16,1255]
[492,18]
[492,18,1265,1261,1106]
[492,19]
[492,24]
[492,24,16]
[492,489]
[492,489,18]
[492,489,1255]
[492,489,1265,1261,1106]
[492,805]
[492,883]
[492,887]
[492,996]
[492,1253]
[492,1255]
[492,1255,1253]
[492,1255,1255]
[492,1265,1261,1106]
[492,2185]
[493]
[493,19]
[493,491]
[494]
[494,17]
[494,488]
[494,491,488,17]
[494,1263]
[495]
[495,18]
[495,18,1255]
[495,489]
[495,492,489,18]
[495,1265,1261,1106]
[496]
[496,19]
[496,488]
[503]
[503,492]
[504]
[504,503]
[505]
[505,503]
[505,504]
[529]
[529,42]
[529,489]
[529,492]
[529,492,24,16,1255]
[529,492,1265,1261,1106]
[529,495,18]
[529,1255]
[529,1265,1261,1106]
[542,55]
[543,56]
[544,57]
[546]
[547]
[548,547,545]
[549]
[550]
[550,13]
[550,59]
[550,531]
[550,1263]
[552]
[552,60]
[552,532]
[552,1265,1261,1106]
[554]
[554,15]
[554,61]
[554,491,15]
[554,533]
[556]
[556,62]
[556,489,62]
[556,492,62]
[556,534]
[556,549,1255]
[558]
[558,18]
[559]
[560]
[587]
[587,492]
[587,529,1255]
[592,44,19]
[594]
[595]
[623]
[625]
[626]
[627]
[628,624]
[629]
[630]
[631]
[632]
[633]
[634]
[635]
[701]
[702]
[703]
[704]
[705]
[706]
[707,492]
[773]
[775]
[776]
[777]
[778,774]
[779]
[781]
[782]
[783]
[784,780]
[785]
[786]
[787]
[788]
[789]
[790]
[791]
[792]
[794]
[796]
[798]
[800]
[801]
[802]
[803]
[803,799]
[804]
[805]
[806]
[807]
[808]
[809]
[810]
[812]
[813]
[813,17]
[813,488,17]
[813,494,17]
[814]
[815]
[815,811]
[816]
[816,24]
[816,492]
[882]
[883]
[883,805]
[883,883]
[884]
[884,884]
[885]
[885,885]
[886]
[887]
[888]
[888,1260,888]
[942]
[942,489]
[942,942]
[996]
[996,489]
[996,883]
[996,1259,996]
[1040,1264,1040]
[1106]
[1106,1265,1261,1106]
[1172]
[1172,18]
[1172,489,18]
[1172,492]
[1172,495,18]
[1238]
[1238,1238]
[1240]
[1240,1240]
[1241]
[1241,1241]
[1241,1257]
[1242]
[1242,1242]
[1242,1258]
[1243]
[1243,1239]
[1243,1239,1243,1239]
[1243,1239,1259,996]
[1244]
[1246]
[1247]
[1248]
[1249]
[1249,1245]
[1250]
[1250,13]
[1250,13,488]
[1250,488]
[1250,488,13]
[1250,488,488]
[1250,1250]
[1251]
[1251,14]
[1251,14,489]
[1251,489]
[1251,489,14]
[1251,489,489]
[1251,1251]
[1252]
[1252,15]
[1252,491]
[1252,491,15]
[1252,494]
[1252,1252]
[1253]
[1253,16]
[1253,492]
[1253,492,16]
[1253,495]
[1253,1253]
[1253,1255]
[1254]
[1254,882]
[1254,882,882]
[1254,882,1260,888]
[1254,888]
[1254,1260,888]
[1255]
[1255,492]
[1255,492,1255]
[1255,1253]
[1255,1255]
[1256]
[1256,1262]
[1257]
[1257,488]
[1257,488,1250]
[1257,491]
[1257,491,488]
[1257,494]
[1257,494,17]
[1257,1247]
[1257,1250]
[1257,1263]
[1257,1263,488]
[1257,1263,491]
[1258]
[1258,492]
[1258,996]
[1258,1248]
[1258,1264,1040]
[1259]
[1259,996]
[1259,996,24]
[1259,996,489]
[1259,996,489,1251]
[1259,996,492]
[1259,996,492,489]
[1259,996,495]
[1259,996,495,18]
[1259,996,496,489]
[1259,996,529]
[1259,996,559,489,24]
[1259,996,885]
[1259,996,996]
[1259,996,1249,1245]
[1259,996,1251]
[1259,996,1265,1261,1106]
[1259,1265,1261,1106]
[1260]
[1260,888]
[1260,888,804]
[1260,888,1254,882]
[1261]
[1262]
[1262,806]
[1262,888]
[1262,1256]
[1263]
[1263,17]
[1263,488]
[1263,488,491]
[1263,491]
[1263,491,15]
[1263,491,488]
[1263,813]
[1263,1247]
[1263,1257]
[1263,1257,488]
[1264]
[1264,1040]
[1264,1040,814]
[1264,1040,1248]
[1264,1040,1258]
[1265]
[1265,1261]
[1265,1261,1106]
[1265,1261,1106,489]
[1265,1261,1106,492]
[1265,1261,1106,492,489]
[1265,1261,1106,815,811]
[1265,1261,1106,885]
[1265,1261,1106,1249,1245]
[1265,1261,1106,1259,996]
[1265,1261,1106,1259,996,489]
[1266]
[1266,798]
[1268]
[1268,800]
[1269]
[1269,801]
[1270]
[1270,802]
[1271,1267]
[1271,1267,803,799]
[1272]
[1272,804]
[1273]
[1273,805]
[1274]
[1274,806]
[1275]
[1275,807]
[1276]
[1276,808]
[1277]
[1277,809]
[1278]
[1278,810]
[1280]
[1280,812]
[1281]
[1281,813]
[1282]
[1282,814]
[1283,1279]
[1283,1279,815,811]
[1284]
[1284,816]
[1350]
[1350,882]
[1351]
[1351,883]
[1352]
[1352,884]
[1353]
[1353,885]
[1354]
[1354,886]
[1355]
[1355,887]
[1410]
[1410,942]
[1640,492]
[1640,1172]
[1640,1172,492]
[1706]
[1706,1238]
[1708]
[1708,1240]
[1709]
[1709,1241]
[1710]
[1710,1242]
[1711,1707]
[1711,1707,1243,1239]
[1712]
[1712,1244]
[1714]
[1714,1246]
[1715]
[1715,1247]
[1716]
[1716,1248]
[1717,1713]
[1717,1713,1249,1245]
[1718]
[1719]
[1720]
[1721]
[1722,1254]
[1722,1260,888]
[1723]
[1723,1255]
[1724,1256]
[1724,1262]
[1725]
[1725,1257]
[1726]
[1726,1258]
[1727,1259,996,492]
[1727,1464]
[1727,1464,1259,996]
[1728,1260,888]
[1728,1356,1254,882]
[1728,1356,1260,888]
[1730,1256]
[1730,1262]
[1731]
[1731,1263]
[1732,1264,1040]
[1732,1508]
[1732,1508,1264,1040]
[1733,1729,1265,1261,1106]
[1733,1729,1574]
[1733,1729,1574,1265,1261,1106]
[1734]
[1736]
[1737]
[1738]
[1739,1735]
[1740]
[1741]
[1742]
[1743]
[1744]
[1745]
[1746]
[1812,882]
[1813,883]
[1814,884]
[1815,885]
[1816,886]
[1817,887]
[1872,489]
[1926,1255]
[2102,492]
[2168]
[2170]
[2171,488]
[2172]
[2173,2169,489]
[2174,1244]
[2176,1246]
[2177,1247]
[2178,1248]
[2179,2175,1249,1245]
[2179,2175,1249,1245,24]
[2180]
[2181]
[2182]
[2183]
[2184]
[2186]
[2187,1818]
[2189]
[2190]
[2191,1970]
[2192,2188,2036]
